182,4
182,4
182,4
182,4
182,4
182,4
182,4
182,4
182,4
182,4
182,4
182,4
182,4
182,4
182,4
182,4
182,4
168
168
168
153,6
153,6
153,6
153,6
153,6
153,6
153,6
153,6
153,6
153,6
153,6
153,6
153,6
153,6
153,6
153,6
153,6
153,6
153,6
153,6
153,6
134,4
134,4
134,4
134,4
134,4
134,4
134,4
134,4
134,4
134,4
134,4
134,4
134,4
134,4
134,4
134,4
134,4
134,4
134,4
134,4
134,4
134,4
120
120
120
120
120
120
120
120
120
120
120
120
120
120
120
120
120
120
120
120
120
120
120
120
120
120
120
120
120
120
120
120
120
120
120
120
120
